boosting_type: gbdt
colsample_bytree: 0.6888888888888889
learning_rate: 0.15921208007523263
min_child_samples: 340
n_estimators: 400
num_leaves: 100
reg_alpha: 0.02040816326530612
reg_lambda: 0.6530612244897959
scale_pos_weight: 1
subsample: 0.8484848484848485
subsample_for_bin: 80000
